amp_weight: 0.0737143946887723
l2_weight: 1.3452715107947158e-05
l4_weight: 0.0007338236029336143
lr: 1.2448241318465961e-05
